10,300
10,156
10,132
10,28
10,298
10,144
10,134
10,216
11,4
11,15
11,11
9,7
9,6
9,1
9,4
9,2
9,3
8,16
8,5
8,18
8,14
8,13
63,3
63,2
63,1
63,0
62,3
62,2
62,1
62,0
61,4
61,3
61,2
61,1
61,0
60,4
60,3
60,2
60,1
60,0
59,4
59,3
59,2
59,1
59,0
58,3
58,2
58,1
58,0
20,3
20,2
20,1
19,3
19,2
19,1
12,3
12,2
12,1
11,30
11,29
11,28
11,26
11,25
11,23
11,22
11,20
11,19
11,18
11,17
11,14
11,13
11,12
11,10
11,6
11,3
11,2
11,1
10,314
10,312
10,285
10,255
10,251
10,227
10,219
10,211
10,210
10,201
10,197
10,194
10,179
10,164
10,155
10,150
10,147
10,145
10,139
10,137
18,1
10,133
18,3
10,131
10,123
10,113
10,108
10,105
